AC MF0001.1
XX
ID ETS class
XX
DE MF0001.1 ETS class ; From JASPAR 2018
PO	A	C	G	T
01	61.75	8.49	15.18	14.58
02	10.41	68.2	17.27	4.13
03	22.86	65.25	8.3	3.59
04	1.92	0.5	94.77	2.81
05	1.55	0.35	97.32	0.78
06	98.6	0.25	0.87	0.28
07	86.66	2.57	0.0	10.77
08	23.49	8.71	64.0	3.8
XX
//
AC MF0002.1
XX
ID bZIP CREB/G-box-like subclass
XX
DE MF0002.1 bZIP CREB/G-box-like subclass ; From JASPAR 2018
PO	A	C	G	T
01	0.0	0.0	0.0	100.0
02	0.74	0.0	96.97	2.29
03	100.0	0.0	0.0	0.0
04	0.0	94.06	1.48	4.46
05	0.0	0.0	100.0	0.0
06	2.06	10.32	0.0	87.61
XX
//
AC MF0003.1
XX
ID REL class
XX
DE MF0003.1 REL class ; From JASPAR 2018
PO	A	C	G	T
01	0.0	10.46	79.71	9.83
02	0.0	2.26	90.85	6.89
03	1.42	0.0	93.76	4.82
04	29.19	2.26	54.49	14.06
05	42.35	16.16	15.2	26.29
06	19.44	3.27	4.15	73.14
07	1.42	5.5	2.73	90.35
08	2.84	27.04	0.0	70.12
09	2.16	90.67	0.0	7.17
10	4.11	91.17	1.28	3.44
XX
//
AC MF0004.1
XX
ID Nuclear Receptor class
XX
DE MF0004.1 Nuclear Receptor class ; From JASPAR 2018
PO	A	C	G	T
01	48.87	3.5	37.1	10.53
02	3.16	0.69	86.63	9.52
03	5.58	2.36	80.06	11.99
04	14.55	4.74	6.77	73.94
05	13.16	77.72	4.08	5.04
06	74.36	17.39	6.62	1.63
XX
//
AC MF0005.1
XX
ID Forkhead class
XX
DE MF0005.1 Forkhead class ; From JASPAR 2018
PO	A	C	G	T
01	3.06	2.42	0.0	94.52
02	24.6	0.0	74.29	1.11
03	0.0	1.79	0.77	97.44
04	0.35	1.03	0.0	98.63
05	1.35	0.0	8.65	90.0
06	76.1	0.0	20.65	3.25
07	2.22	40.68	6.37	50.73
08	16.92	10.32	22.62	50.14
09	6.65	20.28	11.58	61.49
XX
//
AC MF0006.1
XX
ID bZIP cEBP-like subclass
XX
DE MF0006.1 bZIP cEBP-like subclass ; From JASPAR 2018
PO	A	C	G	T
01	60.01	8.66	28.62	2.71
02	2.71	3.09	1.25	92.95
03	0.0	1.35	6.03	92.61
04	40.48	0.0	54.17	5.35
05	3.48	77.62	2.85	16.05
06	50.27	4.21	42.67	2.85
07	15.68	20.62	4.65	59.04
08	65.18	20.73	5.8	8.29
09	72.66	7.49	4.37	15.49
XX
//
AC MF0007.1
XX
ID bHLH(zip) class
XX
DE MF0007.1 bHLH(zip) class ; From JASPAR 2018
PO	A	C	G	T
01	61.35	12.12	22.97	3.56
02	21.78	35.06	26.55	16.6
03	3.74	90.95	1.48	3.82
04	83.86	1.16	8.64	6.33
05	4.03	65.16	21.07	9.75
06	5.81	25.73	67.79	0.67
07	5.06	4.13	0.18	90.63
08	2.85	0.0	94.96	2.19
XX
//
AC MF0008.1
XX
ID MADS class
XX
DE MF0008.1 MADS class ; From JASPAR 2018
PO	A	C	G	T
01	3.18	91.04	1.76	4.02
02	1.11	49.38	1.34	48.17
03	70.03	7.46	3.75	18.75
04	17.72	5.19	5.34	71.75
05	52.73	0.89	1.1	45.28
06	16.4	0.44	0.44	82.72
07	53.03	2.0	3.58	41.39
08	17.94	4.99	3.29	73.78
09	28.12	0.0	70.37	1.51
10	5.37	1.78	84.55	8.3
XX
//
AC MF0009.1
XX
ID TRP(MYB) class
XX
DE MF0009.1 TRP(MYB) class ; From JASPAR 2018
PO	A	C	G	T
01	33.73	2.9	6.35	57.03
02	25.74	4.35	36.62	33.28
03	34.15	3.85	20.98	41.02
04	5.83	70.79	5.33	18.06
05	26.4	19.91	47.12	6.57
06	1.5	20.56	71.64	6.3
07	2.33	1.0	0.0	96.67
08	1.8	1.52	1.2	95.48
XX
//
AC MF0010.1
XX
ID Homeobox class
XX
DE MF0010.1 Homeobox class ; From JASPAR 2018
PO	A	C	G	T
01	75.21	8.16	6.44	10.19
02	60.1	3.43	14.29	22.17
03	5.25	4.65	3.44	86.67
04	65.22	2.27	21.19	11.32
05	80.83	1.86	10.82	6.49
06	7.91	0.98	7.17	83.94
07	12.7	7.91	8.04	71.35
XX
//
AC MF0011.1
XX
ID HMG class
XX
DE MF0011.1 HMG class ; From JASPAR 2018
PO	A	C	G	T
01	60.43	9.0	0.0	30.58
02	1.68	6.34	14.03	77.94
03	1.61	4.96	0.92	92.51
04	11.29	6.65	74.53	7.53
05	12.28	8.38	3.14	76.2
06	10.05	17.54	10.7	61.71
XX
//
