MEME version 4

ALPHABET= ACGT

strands: + -

Background letter frequencies
A 0.25 C 0.25 G 0.25 T 0.25

MOTIF PH0001.1 Alx3
letter-probability matrix: alength= 4 w= 17 nsites= 100 E= 0
 0.300000  0.030000  0.130000  0.540000
 0.370000  0.200000  0.240000  0.190000
 0.410000  0.180000  0.160000  0.250000
 0.535354  0.151515  0.232323  0.080808
 0.040000  0.480000  0.010000  0.470000
 0.000000  0.080808  0.000000  0.919192
 0.990000  0.010000  0.000000  0.000000
 0.990000  0.000000  0.010000  0.000000
 0.000000  0.010000  0.000000  0.990000
 0.000000  0.000000  0.010000  0.990000
 0.919192  0.000000  0.080808  0.000000
 0.470000  0.010000  0.480000  0.040000
 0.080808  0.444444  0.050505  0.424242
 0.070000  0.150000  0.100000  0.680000
 0.240000  0.270000  0.340000  0.150000
 0.430000  0.190000  0.140000  0.240000
 0.260000  0.250000  0.290000  0.200000
URL http://jaspar.genereg.net/matrix/PH0001.1

MOTIF PH0002.1 Alx4
letter-probability matrix: alength= 4 w= 17 nsites= 101 E= 0
 0.158416  0.584158  0.148515  0.108911
 0.100000  0.240000  0.560000  0.100000
 0.190000  0.440000  0.160000  0.210000
 0.400000  0.150000  0.290000  0.160000
 0.020202  0.343434  0.010101  0.626263
 0.009901  0.079208  0.000000  0.910891
 0.980198  0.009901  0.009901  0.000000
 0.980000  0.000000  0.010000  0.010000
 0.010000  0.010000  0.000000  0.980000
 0.000000  0.009901  0.009901  0.980198
 0.910891  0.000000  0.079208  0.009901
 0.626263  0.010101  0.343434  0.020202
 0.170000  0.230000  0.180000  0.420000
 0.290000  0.280000  0.130000  0.300000
 0.360000  0.230000  0.190000  0.220000
 0.230000  0.290000  0.250000  0.230000
 0.120000  0.430000  0.210000  0.240000
URL http://jaspar.genereg.net/matrix/PH0002.1

MOTIF PH0003.1 Arx
letter-probability matrix: alength= 4 w= 17 nsites= 100 E= 0
 0.240000  0.220000  0.400000  0.140000
 0.130000  0.160000  0.190000  0.520000
 0.158416  0.366337  0.287129  0.188119
 0.217822  0.554455  0.128713  0.099010
 0.495050  0.059406  0.376238  0.069307
 0.010000  0.380000  0.010000  0.600000
 0.010000  0.130000  0.000000  0.860000
 0.989899  0.000000  0.000000  0.010101
 0.980198  0.000000  0.009901  0.009901
 0.009901  0.009901  0.000000  0.980198
 0.010101  0.000000  0.000000  0.989899
 0.860000  0.000000  0.130000  0.010000
 0.600000  0.010000  0.380000  0.010000
 0.160000  0.160000  0.140000  0.540000
 0.180000  0.110000  0.440000  0.270000
 0.090000  0.360000  0.370000  0.180000
 0.530000  0.100000  0.070000  0.300000
URL http://jaspar.genereg.net/matrix/PH0003.1

MOTIF PH0004.1 Nkx3-2
letter-probability matrix: alength= 4 w= 17 nsites= 100 E= 0
 0.300000  0.350000  0.240000  0.110000
 0.360000  0.230000  0.070000  0.340000
 0.230000  0.140000  0.140000  0.490000
 0.560000  0.160000  0.200000  0.080000
 0.510000  0.130000  0.110000  0.250000
 0.050000  0.680000  0.260000  0.010000
 0.000000  0.900000  0.000000  0.100000
 0.950000  0.000000  0.000000  0.050000
 0.040000  0.960000  0.000000  0.000000
 0.000000  0.010000  0.000000  0.990000
 0.000000  0.050000  0.000000  0.950000
 0.930000  0.010000  0.000000  0.060000
 0.633663  0.039604  0.148515  0.178218
 0.270000  0.340000  0.280000  0.110000
 0.310000  0.250000  0.240000  0.200000
 0.550000  0.190000  0.120000  0.140000
 0.190000  0.330000  0.170000  0.310000
URL http://jaspar.genereg.net/matrix/PH0004.1

MOTIF PH0005.1 Barhl1
letter-probability matrix: alength= 4 w= 16 nsites= 100 E= 0
 0.470000  0.210000  0.140000  0.180000
 0.610000  0.120000  0.140000  0.130000
 0.280000  0.420000  0.130000  0.170000
 0.742574  0.069307  0.138614  0.049505
 0.727273  0.020202  0.222222  0.030303
 0.080000  0.610000  0.180000  0.130000
 0.010000  0.760000  0.000000  0.230000
 0.950000  0.010000  0.030000  0.010000
 0.890000  0.010000  0.000000  0.100000
 0.000000  0.000000  0.000000  1.000000
 0.009901  0.009901  0.000000  0.980198
 0.980000  0.000000  0.000000  0.020000
 0.550000  0.030000  0.330000  0.090000
 0.120000  0.190000  0.330000  0.360000
 0.270000  0.180000  0.230000  0.320000
 0.220000  0.420000  0.140000  0.220000
URL http://jaspar.genereg.net/matrix/PH0005.1

MOTIF PH0006.1 Barhl2
letter-probability matrix: alength= 4 w= 16 nsites= 99 E= 0
 0.464646  0.222222  0.121212  0.191919
 0.575758  0.181818  0.080808  0.161616
 0.510000  0.300000  0.050000  0.140000
 0.780000  0.040000  0.130000  0.050000
 0.900990  0.019802  0.069307  0.009901
 0.190000  0.440000  0.170000  0.200000
 0.000000  0.940000  0.000000  0.060000
 0.950000  0.000000  0.040000  0.010000
 0.960000  0.010000  0.000000  0.030000
 0.000000  0.000000  0.000000  1.000000
 0.000000  0.000000  0.000000  1.000000
 0.990000  0.000000  0.000000  0.010000
 0.730000  0.020000  0.140000  0.110000
 0.100000  0.330000  0.350000  0.220000
 0.390000  0.210000  0.150000  0.250000
 0.323232  0.272727  0.121212  0.282828
URL http://jaspar.genereg.net/matrix/PH0006.1

MOTIF PH0007.1 Barx1
letter-probability matrix: alength= 4 w= 16 nsites= 99 E= 0
 0.505051  0.262626  0.090909  0.141414
 0.485149  0.237624  0.118812  0.158416
 0.524752  0.059406  0.386139  0.029703
 0.180000  0.300000  0.440000  0.080000
 0.010000  0.460000  0.000000  0.530000
 0.930000  0.050000  0.020000  0.000000
 0.989899  0.010101  0.000000  0.000000
 0.000000  0.000000  0.010101  0.989899
 0.000000  0.020000  0.050000  0.930000
 0.530000  0.000000  0.460000  0.010000
 0.060000  0.390000  0.400000  0.150000
 0.029703  0.386139  0.059406  0.524752
 0.247525  0.207921  0.297030  0.247525
 0.380000  0.230000  0.160000  0.230000
 0.560000  0.080000  0.150000  0.210000
 0.313131  0.141414  0.080808  0.464646
URL http://jaspar.genereg.net/matrix/PH0007.1

MOTIF PH0008.1 Barx2
letter-probability matrix: alength= 4 w= 16 nsites= 100 E= 0
 0.190000  0.150000  0.150000  0.510000
 0.510000  0.170000  0.120000  0.200000
 0.636364  0.111111  0.232323  0.020202
 0.108911  0.198020  0.386139  0.306931
 0.010000  0.270000  0.000000  0.720000
 0.960000  0.030000  0.000000  0.010000
 0.980000  0.010000  0.000000  0.010000
 0.010000  0.000000  0.010000  0.980000
 0.010000  0.000000  0.030000  0.960000
 0.720000  0.000000  0.270000  0.010000
 0.270000  0.230000  0.350000  0.150000
 0.020202  0.232323  0.111111  0.636364
 0.100000  0.100000  0.380000  0.420000
 0.340000  0.100000  0.320000  0.240000
 0.178218  0.198020  0.108911  0.514851
 0.383838  0.111111  0.333333  0.171717
URL http://jaspar.genereg.net/matrix/PH0008.1

MOTIF PH0009.1 Bsx
letter-probability matrix: alength= 4 w= 16 nsites= 100 E= 0
 0.300000  0.360000  0.280000  0.060000
 0.415842  0.267327  0.247525  0.069307
 0.277228  0.069307  0.495050  0.158416
 0.207921  0.128713  0.445545  0.217822
 0.010000  0.450000  0.000000  0.540000
 0.929293  0.050505  0.020202  0.000000
 0.989899  0.010101  0.000000  0.000000
 0.000000  0.000000  0.010101  0.989899
 0.000000  0.020202  0.050505  0.929293
 0.540000  0.000000  0.450000  0.010000
 0.200000  0.320000  0.280000  0.200000
 0.158416  0.495050  0.069307  0.277228
 0.140000  0.190000  0.180000  0.490000
 0.210000  0.370000  0.310000  0.110000
 0.750000  0.050000  0.130000  0.070000
 0.290000  0.120000  0.320000  0.270000
URL http://jaspar.genereg.net/matrix/PH0009.1

MOTIF PH0010.1 Alx1_1
letter-probability matrix: alength= 4 w= 17 nsites= 100 E= 0
 0.190000  0.440000  0.170000  0.200000
 0.070000  0.210000  0.650000  0.070000
 0.380000  0.330000  0.140000  0.150000
 0.430000  0.090000  0.310000  0.170000
 0.050000  0.400000  0.020000  0.530000
 0.010000  0.070000  0.000000  0.920000
 0.989899  0.000000  0.010101  0.000000
 0.980000  0.000000  0.010000  0.010000
 0.010000  0.010000  0.000000  0.980000
 0.000000  0.010101  0.000000  0.989899
 0.920000  0.000000  0.070000  0.010000
 0.530000  0.020000  0.400000  0.050000
 0.150000  0.210000  0.110000  0.530000
 0.230000  0.320000  0.160000  0.290000
 0.393939  0.313131  0.121212  0.171717
 0.240000  0.290000  0.230000  0.240000
 0.150000  0.400000  0.140000  0.310000
URL http://jaspar.genereg.net/matrix/PH0010.1

MOTIF PH0011.1 Alx1_2
letter-probability matrix: alength= 4 w= 17 nsites= 100 E= 0
 0.170000  0.410000  0.200000  0.220000
 0.333333  0.212121  0.353535  0.101010
 0.292929  0.464646  0.101010  0.141414
 0.323232  0.202020  0.262626  0.212121
 0.019802  0.237624  0.009901  0.732673
 0.010000  0.040000  0.000000  0.950000
 0.989899  0.000000  0.010101  0.000000
 0.980000  0.000000  0.010000  0.010000
 0.010000  0.010000  0.000000  0.980000
 0.000000  0.010101  0.000000  0.989899
 0.950000  0.000000  0.040000  0.010000
 0.732673  0.009901  0.237624  0.019802
 0.158416  0.217822  0.198020  0.425743
 0.171717  0.232323  0.191919  0.404040
 0.242424  0.202020  0.323232  0.232323
 0.257426  0.207921  0.287129  0.247525
 0.270000  0.340000  0.210000  0.180000
URL http://jaspar.genereg.net/matrix/PH0011.1

MOTIF PH0012.1 Cdx1
letter-probability matrix: alength= 4 w= 16 nsites= 100 E= 0
 0.290000  0.150000  0.180000  0.380000
 0.390000  0.100000  0.310000  0.200000
 0.400000  0.250000  0.240000  0.110000
 0.140000  0.060000  0.730000  0.070000
 0.130000  0.030000  0.830000  0.010000
 0.010000  0.280000  0.000000  0.710000
 0.490000  0.470000  0.000000  0.040000
 0.828283  0.000000  0.171717  0.000000
 0.010000  0.000000  0.000000  0.990000
 0.740000  0.010000  0.000000  0.250000
 0.920000  0.000000  0.000000  0.080000
 0.940000  0.010000  0.000000  0.050000
 0.646465  0.111111  0.050505  0.191919
 0.161616  0.232323  0.171717  0.434343
 0.140000  0.110000  0.260000  0.490000
 0.360000  0.210000  0.100000  0.330000
URL http://jaspar.genereg.net/matrix/PH0012.1

MOTIF PH0013.1 Cdx2
letter-probability matrix: alength= 4 w= 16 nsites= 100 E= 0
 0.310000  0.150000  0.250000  0.290000
 0.356436  0.178218  0.326733  0.138614
 0.300000  0.300000  0.300000  0.100000
 0.190000  0.060000  0.660000  0.090000
 0.171717  0.030303  0.797980  0.000000
 0.000000  0.464646  0.000000  0.535354
 0.580000  0.400000  0.000000  0.020000
 0.970000  0.000000  0.030000  0.000000
 0.010000  0.000000  0.000000  0.990000
 0.880000  0.000000  0.000000  0.120000
 0.950000  0.000000  0.000000  0.050000
 0.940000  0.010000  0.000000  0.050000
 0.570000  0.150000  0.050000  0.230000
 0.171717  0.262626  0.121212  0.444444
 0.140000  0.110000  0.260000  0.490000
 0.220000  0.300000  0.130000  0.350000
URL http://jaspar.genereg.net/matrix/PH0013.1

MOTIF PH0014.1 Cphx
letter-probability matrix: alength= 4 w= 14 nsites= 100 E= 0
 0.340000  0.180000  0.260000  0.220000
 0.030303  0.000000  0.000000  0.969697
 0.040000  0.020000  0.930000  0.010000
 0.970297  0.009901  0.009901  0.009901
 0.040000  0.000000  0.060000  0.900000
 0.100000  0.370000  0.290000  0.240000
 0.220000  0.280000  0.350000  0.150000
 0.540000  0.340000  0.080000  0.040000
 0.950000  0.030000  0.010000  0.010000
 0.009901  0.009901  0.000000  0.980198
 0.000000  0.979798  0.000000  0.020202
 0.950000  0.010000  0.010000  0.030000
 0.610000  0.140000  0.150000  0.100000
 0.360000  0.210000  0.100000  0.330000
URL http://jaspar.genereg.net/matrix/PH0014.1

MOTIF PH0015.1 Crx
letter-probability matrix: alength= 4 w= 16 nsites= 100 E= 0
 0.090000  0.470000  0.130000  0.310000
 0.099010  0.217822  0.376238  0.306931
 0.326733  0.099010  0.138614  0.435644
 0.260000  0.120000  0.170000  0.450000
 0.090000  0.110000  0.730000  0.070000
 0.089109  0.267327  0.594059  0.049505
 0.040404  0.000000  0.959596  0.000000
 0.000000  0.000000  1.000000  0.000000
 0.960000  0.040000  0.000000  0.000000
 0.000000  0.000000  0.000000  1.000000
 0.020000  0.000000  0.000000  0.980000
 0.980000  0.000000  0.000000  0.020000
 0.370000  0.030000  0.400000  0.200000
 0.090909  0.686869  0.101010  0.121212
 0.101010  0.525253  0.232323  0.141414
 0.190000  0.160000  0.250000  0.400000
URL http://jaspar.genereg.net/matrix/PH0015.1

MOTIF PH0016.1 Cux1_1
letter-probability matrix: alength= 4 w= 17 nsites= 99 E= 0
 0.595960  0.060606  0.272727  0.070707
 0.108911  0.534653  0.217822  0.138614
 0.160000  0.510000  0.120000  0.210000
 0.232323  0.151515  0.525253  0.090909
 0.287129  0.188119  0.415842  0.108911
 0.130000  0.160000  0.090000  0.620000
 0.080808  0.070707  0.010101  0.838384
 0.292929  0.010101  0.676768  0.020202
 0.960000  0.010000  0.020000  0.010000
 0.019802  0.009901  0.009901  0.960396
 0.059406  0.603960  0.019802  0.316832
 0.792079  0.059406  0.009901  0.138614
 0.310000  0.350000  0.110000  0.230000
 0.128713  0.475248  0.297030  0.099010
 0.353535  0.080808  0.151515  0.414141
 0.128713  0.287129  0.306931  0.277228
 0.410000  0.100000  0.300000  0.190000
URL http://jaspar.genereg.net/matrix/PH0016.1

MOTIF PH0017.1 Cux1_2
letter-probability matrix: alength= 4 w= 15 nsites= 99 E= 0
 0.232323  0.080808  0.212121  0.474747
 0.510000  0.190000  0.170000  0.130000
 0.420000  0.140000  0.320000  0.120000
 0.030303  0.181818  0.090909  0.696970
 0.141414  0.050505  0.666667  0.141414
 0.870000  0.050000  0.030000  0.050000
 0.040000  0.010000  0.010000  0.940000
 0.336634  0.059406  0.504950  0.099010
 0.940000  0.010000  0.010000  0.040000
 0.050000  0.030000  0.050000  0.870000
 0.141414  0.666667  0.050505  0.141414
 0.696970  0.090909  0.181818  0.030303
 0.260000  0.410000  0.150000  0.180000
 0.150000  0.070000  0.120000  0.660000
 0.490000  0.130000  0.190000  0.190000
URL http://jaspar.genereg.net/matrix/PH0017.1

MOTIF PH0018.1 Dbx1
letter-probability matrix: alength= 4 w= 17 nsites= 100 E= 0
 0.190000  0.230000  0.160000  0.420000
 0.610000  0.070000  0.050000  0.270000
 0.455446  0.059406  0.306931  0.178218
 0.227723  0.128713  0.099010  0.544554
 0.240000  0.230000  0.070000  0.460000
 0.620000  0.140000  0.080000  0.160000
 0.740000  0.030000  0.050000  0.180000
 0.110000  0.100000  0.070000  0.720000
 0.130000  0.110000  0.040000  0.720000
 0.730000  0.030000  0.090000  0.150000
 0.540000  0.100000  0.050000  0.310000
 0.198020  0.148515  0.099010  0.554455
 0.590000  0.070000  0.170000  0.170000
 0.500000  0.160000  0.220000  0.120000
 0.280000  0.110000  0.140000  0.470000
 0.297030  0.188119  0.188119  0.326733
 0.400000  0.140000  0.290000  0.170000
URL http://jaspar.genereg.net/matrix/PH0018.1

MOTIF PH0019.1 Dbx2
letter-probability matrix: alength= 4 w= 16 nsites= 101 E= 0
 0.138614  0.267327  0.267327  0.326733
 0.240000  0.090000  0.320000  0.350000
 0.222222  0.242424  0.202020  0.333333
 0.444444  0.292929  0.040404  0.222222
 0.700000  0.070000  0.080000  0.150000
 0.178218  0.118812  0.099010  0.603960
 0.060000  0.120000  0.000000  0.820000
 0.930000  0.010000  0.020000  0.040000
 0.950000  0.010000  0.020000  0.020000
 0.030000  0.000000  0.010000  0.960000
 0.029703  0.019802  0.287129  0.663366
 0.730000  0.010000  0.150000  0.110000
 0.444444  0.111111  0.202020  0.242424
 0.040000  0.090000  0.280000  0.590000
 0.270000  0.160000  0.140000  0.430000
 0.280000  0.350000  0.170000  0.200000
URL http://jaspar.genereg.net/matrix/PH0019.1

MOTIF PH0020.1 Dlx1
letter-probability matrix: alength= 4 w= 14 nsites= 99 E= 0
 0.161616  0.292929  0.272727  0.272727
 0.130000  0.240000  0.130000  0.500000
 0.170000  0.110000  0.610000  0.110000
 0.450000  0.240000  0.210000  0.100000
 0.350000  0.070000  0.400000  0.180000
 0.290000  0.140000  0.370000  0.200000
 0.010000  0.120000  0.000000  0.870000
 0.980198  0.009901  0.009901  0.000000
 0.990000  0.000000  0.000000  0.010000
 0.010000  0.000000  0.000000  0.990000
 0.000000  0.010000  0.010000  0.980000
 0.940000  0.000000  0.050000  0.010000
 0.410000  0.190000  0.200000  0.200000
 0.079208  0.356436  0.118812  0.445545
URL http://jaspar.genereg.net/matrix/PH0020.1

MOTIF PH0021.1 Dlx2
letter-probability matrix: alength= 4 w= 16 nsites= 100 E= 0
 0.330000  0.290000  0.340000  0.040000
 0.270000  0.240000  0.380000  0.110000
 0.310000  0.080000  0.310000  0.300000
 0.490000  0.090000  0.310000  0.110000
 0.010101  0.292929  0.000000  0.696970
 0.970000  0.010000  0.010000  0.010000
 0.989899  0.000000  0.000000  0.010101
 0.010101  0.000000  0.000000  0.989899
 0.010000  0.010000  0.010000  0.970000
 0.696970  0.000000  0.292929  0.010101
 0.080000  0.370000  0.280000  0.270000
 0.300000  0.310000  0.080000  0.310000
 0.180000  0.320000  0.080000  0.420000
 0.250000  0.440000  0.120000  0.190000
 0.620000  0.110000  0.150000  0.120000
 0.170000  0.190000  0.450000  0.190000
URL http://jaspar.genereg.net/matrix/PH0021.1

MOTIF PH0022.1 Dlx3
letter-probability matrix: alength= 4 w= 17 nsites= 100 E= 0
 0.160000  0.220000  0.300000  0.320000
 0.316832  0.425743  0.118812  0.138614
 0.272727  0.202020  0.373737  0.151515
 0.267327  0.415842  0.247525  0.069307
 0.287129  0.118812  0.297030  0.297030
 0.603960  0.039604  0.227723  0.128713
 0.000000  0.030303  0.000000  0.969697
 0.989899  0.000000  0.000000  0.010101
 1.000000  0.000000  0.000000  0.000000
 0.000000  0.000000  0.000000  1.000000
 0.010000  0.000000  0.010000  0.980000
 0.742574  0.000000  0.247525  0.009901
 0.070707  0.575758  0.121212  0.232323
 0.350000  0.490000  0.050000  0.110000
 0.180000  0.300000  0.370000  0.150000
 0.370000  0.200000  0.130000  0.300000
 0.282828  0.383838  0.131313  0.202020
URL http://jaspar.genereg.net/matrix/PH0022.1

MOTIF PH0023.1 Dlx4
letter-probability matrix: alength= 4 w= 17 nsites= 100 E= 0
 0.150000  0.250000  0.300000  0.300000
 0.200000  0.550000  0.120000  0.130000
 0.300000  0.230000  0.320000  0.150000
 0.222222  0.484848  0.171717  0.121212
 0.280000  0.130000  0.290000  0.300000
 0.540000  0.070000  0.240000  0.150000
 0.010000  0.040000  0.000000  0.950000
 0.970000  0.000000  0.010000  0.020000
 1.000000  0.000000  0.000000  0.000000
 0.010000  0.000000  0.000000  0.990000
 0.010000  0.010000  0.010000  0.970000
 0.760000  0.000000  0.230000  0.010000
 0.200000  0.520000  0.140000  0.140000
 0.290000  0.490000  0.060000  0.160000
 0.171717  0.262626  0.404040  0.161616
 0.500000  0.140000  0.110000  0.250000
 0.220000  0.530000  0.120000  0.130000
URL http://jaspar.genereg.net/matrix/PH0023.1

MOTIF PH0024.1 Dlx5
letter-probability matrix: alength= 4 w= 16 nsites= 99 E= 0
 0.111111  0.292929  0.373737  0.222222
 0.170000  0.290000  0.370000  0.170000
 0.282828  0.171717  0.494949  0.050505
 0.180000  0.140000  0.590000  0.090000
 0.010000  0.380000  0.000000  0.610000
 0.970000  0.020000  0.000000  0.010000
 0.980000  0.000000  0.010000  0.010000
 0.010000  0.010000  0.000000  0.980000
 0.010000  0.000000  0.020000  0.970000
 0.610000  0.000000  0.380000  0.010000
 0.191919  0.252525  0.373737  0.181818
 0.050505  0.494949  0.171717  0.282828
 0.070000  0.170000  0.370000  0.390000
 0.260000  0.340000  0.230000  0.170000
 0.150000  0.220000  0.220000  0.410000
 0.190000  0.270000  0.350000  0.190000
URL http://jaspar.genereg.net/matrix/PH0024.1

MOTIF PH0025.1 Dmbx1
letter-probability matrix: alength= 4 w= 17 nsites= 100 E= 0
 0.340000  0.130000  0.120000  0.410000
 0.280000  0.080000  0.370000  0.270000
 0.490000  0.080000  0.310000  0.120000
 0.490000  0.080000  0.130000  0.300000
 0.250000  0.360000  0.180000  0.210000
 0.277228  0.495050  0.198020  0.029703
 0.060000  0.010000  0.930000  0.000000
 0.000000  0.010000  0.990000  0.000000
 0.940000  0.060000  0.000000  0.000000
 0.000000  0.000000  0.000000  1.000000
 0.010000  0.010000  0.000000  0.980000
 0.970000  0.000000  0.000000  0.030000
 0.400000  0.050000  0.350000  0.200000
 0.090909  0.111111  0.373737  0.424242
 0.150000  0.280000  0.300000  0.270000
 0.303030  0.202020  0.191919  0.303030
 0.370000  0.120000  0.150000  0.360000
URL http://jaspar.genereg.net/matrix/PH0025.1

MOTIF PH0026.1 Duxbl
letter-probability matrix: alength= 4 w= 17 nsites= 100 E= 0
 0.060000  0.550000  0.100000  0.290000
 0.350000  0.050000  0.470000  0.130000
 0.770000  0.020000  0.160000  0.050000
 0.060000  0.670000  0.110000  0.160000
 0.020202  0.666667  0.090909  0.222222
 0.000000  0.747475  0.000000  0.252525
 0.990000  0.010000  0.000000  0.000000
 0.979798  0.020202  0.000000  0.000000
 0.000000  0.010000  0.000000  0.990000
 0.000000  0.980000  0.000000  0.020000
 0.970000  0.000000  0.000000  0.030000
 0.830000  0.030000  0.090000  0.050000
 0.050000  0.530000  0.180000  0.240000
 0.247525  0.247525  0.277228  0.227723
 0.310000  0.190000  0.340000  0.160000
 0.280000  0.200000  0.150000  0.370000
 0.200000  0.290000  0.340000  0.170000
URL http://jaspar.genereg.net/matrix/PH0026.1

MOTIF PH0027.1 Emx2
letter-probability matrix: alength= 4 w= 17 nsites= 99 E= 0
 0.484848  0.080808  0.050505  0.383838
 0.260000  0.340000  0.330000  0.070000
 0.280000  0.370000  0.240000  0.110000
 0.376238  0.198020  0.326733  0.099010
 0.030000  0.680000  0.060000  0.230000
 0.019802  0.039604  0.000000  0.940594
 0.888889  0.111111  0.000000  0.000000
 0.980000  0.010000  0.000000  0.010000
 0.010000  0.000000  0.010000  0.980000
 0.000000  0.000000  0.111111  0.888889
 0.940594  0.000000  0.039604  0.019802
 0.230000  0.060000  0.680000  0.030000
 0.020000  0.390000  0.050000  0.540000
 0.120000  0.150000  0.480000  0.250000
 0.140000  0.250000  0.500000  0.110000
 0.270000  0.260000  0.210000  0.260000
 0.178218  0.316832  0.227723  0.277228
URL http://jaspar.genereg.net/matrix/PH0027.1

MOTIF PH0028.1 En1
letter-probability matrix: alength= 4 w= 16 nsites= 100 E= 0
 0.230000  0.200000  0.410000  0.160000
 0.232323  0.313131  0.292929  0.161616
 0.280000  0.280000  0.290000  0.150000
 0.730000  0.150000  0.080000  0.040000
 0.811881  0.079208  0.069307  0.039604
 0.110000  0.540000  0.110000  0.240000
 0.000000  0.151515  0.000000  0.848485
 0.979798  0.000000  0.020202  0.000000
 0.990000  0.000000  0.010000  0.000000
 0.010000  0.000000  0.000000  0.990000
 0.010000  0.010000  0.010000  0.970000
 0.970000  0.000000  0.020000  0.010000
 0.480000  0.080000  0.330000  0.110000
 0.059406  0.138614  0.366337  0.435644
 0.230000  0.180000  0.370000  0.220000
 0.200000  0.490000  0.200000  0.110000
URL http://jaspar.genereg.net/matrix/PH0028.1

MOTIF PH0029.1 En2
letter-probability matrix: alength= 4 w= 17 nsites= 99 E= 0
 0.383838  0.040404  0.111111  0.464646
 0.200000  0.160000  0.580000  0.060000
 0.280000  0.450000  0.130000  0.140000
 0.390000  0.310000  0.200000  0.100000
 0.110000  0.500000  0.030000  0.360000
 0.010000  0.250000  0.000000  0.740000
 0.980000  0.010000  0.000000  0.010000
 0.989899  0.000000  0.000000  0.010101
 0.010101  0.000000  0.000000  0.989899
 0.010000  0.000000  0.010000  0.980000
 0.740000  0.000000  0.250000  0.010000
 0.360000  0.030000  0.500000  0.110000
 0.050000  0.270000  0.050000  0.630000
 0.128713  0.227723  0.455446  0.188119
 0.270000  0.240000  0.390000  0.100000
 0.430000  0.230000  0.110000  0.230000
 0.306931  0.257426  0.128713  0.306931
URL http://jaspar.genereg.net/matrix/PH0029.1

MOTIF PH0030.1 Esx1
letter-probability matrix: alength= 4 w= 17 nsites= 99 E= 0
 0.323232  0.242424  0.171717  0.262626
 0.257426  0.178218  0.148515  0.415842
 0.170000  0.340000  0.180000  0.310000
 0.210000  0.350000  0.230000  0.210000
 0.420000  0.070000  0.410000  0.100000
 0.030000  0.470000  0.010000  0.490000
 0.010000  0.070000  0.000000  0.920000
 0.980000  0.000000  0.010000  0.010000
 0.989899  0.000000  0.010101  0.000000
 0.000000  0.010101  0.000000  0.989899
 0.010000  0.010000  0.000000  0.980000
 0.920000  0.000000  0.070000  0.010000
 0.490000  0.010000  0.470000  0.030000
 0.099010  0.158416  0.148515  0.594059
 0.220000  0.120000  0.300000  0.360000
 0.108911  0.257426  0.445545  0.188119
 0.520000  0.070000  0.040000  0.370000
URL http://jaspar.genereg.net/matrix/PH0030.1

MOTIF PH0031.1 Evx1
letter-probability matrix: alength= 4 w= 17 nsites= 101 E= 0
 0.465347  0.059406  0.029703  0.445545
 0.303030  0.252525  0.333333  0.111111
 0.356436  0.217822  0.207921  0.217822
 0.465347  0.148515  0.257426  0.128713
 0.050000  0.660000  0.180000  0.110000
 0.010000  0.030000  0.000000  0.960000
 0.858586  0.141414  0.000000  0.000000
 0.990000  0.010000  0.000000  0.000000
 0.000000  0.000000  0.010000  0.990000
 0.000000  0.000000  0.141414  0.858586
 0.960000  0.000000  0.030000  0.010000
 0.110000  0.180000  0.660000  0.050000
 0.029703  0.435644  0.059406  0.475248
 0.168317  0.198020  0.455446  0.178218
 0.200000  0.250000  0.380000  0.170000
 0.363636  0.161616  0.171717  0.303030
 0.240000  0.360000  0.240000  0.160000
URL http://jaspar.genereg.net/matrix/PH0031.1

MOTIF PH0032.1 Evx2
letter-probability matrix: alength= 4 w= 17 nsites= 100 E= 0
 0.210000  0.300000  0.230000  0.260000
 0.400000  0.330000  0.190000  0.080000
 0.140000  0.560000  0.090000  0.210000
 0.290000  0.520000  0.090000  0.100000
 0.150000  0.070000  0.760000  0.020000
 0.020202  0.828283  0.121212  0.030303
 0.000000  0.020000  0.000000  0.980000
 0.950000  0.040000  0.010000  0.000000
 1.000000  0.000000  0.000000  0.000000
 0.000000  0.000000  0.000000  1.000000
 0.000000  0.010000  0.050000  0.940000
 0.930000  0.000000  0.070000  0.000000
 0.020000  0.160000  0.760000  0.060000
 0.040404  0.535354  0.232323  0.191919
 0.121212  0.181818  0.404040  0.292929
 0.090000  0.150000  0.380000  0.380000
 0.340000  0.100000  0.060000  0.500000
URL http://jaspar.genereg.net/matrix/PH0032.1

MOTIF PH0033.1 Gbx1
letter-probability matrix: alength= 4 w= 17 nsites= 100 E= 0
 0.270000  0.220000  0.190000  0.320000
 0.300000  0.120000  0.310000  0.270000
 0.141414  0.373737  0.292929  0.191919
 0.250000  0.370000  0.210000  0.170000
 0.590000  0.120000  0.180000  0.110000
 0.181818  0.717172  0.050505  0.050505
 0.010000  0.280000  0.000000  0.710000
 0.979798  0.020202  0.000000  0.000000
 0.990000  0.000000  0.010000  0.000000
 0.000000  0.010000  0.000000  0.990000
 0.000000  0.000000  0.020202  0.979798
 0.710000  0.000000  0.280000  0.010000
 0.050505  0.050505  0.717172  0.181818
 0.138614  0.158416  0.198020  0.504950
 0.099010  0.168317  0.514851  0.217822
 0.089109  0.267327  0.287129  0.356436
 0.470000  0.080000  0.060000  0.390000
URL http://jaspar.genereg.net/matrix/PH0033.1

MOTIF PH0034.1 Gbx2
letter-probability matrix: alength= 4 w= 17 nsites= 100 E= 0
 0.390000  0.050000  0.260000  0.300000
 0.240000  0.270000  0.290000  0.200000
 0.240000  0.380000  0.200000  0.180000
 0.410000  0.090000  0.420000  0.080000
 0.040404  0.848485  0.060606  0.050505
 0.000000  0.191919  0.000000  0.808081
 0.989899  0.010101  0.000000  0.000000
 0.980198  0.009901  0.000000  0.009901
 0.009901  0.000000  0.009901  0.980198
 0.000000  0.000000  0.010101  0.989899
 0.808081  0.000000  0.191919  0.000000
 0.050505  0.060606  0.848485  0.040404
 0.040000  0.440000  0.100000  0.420000
 0.160000  0.280000  0.440000  0.120000
 0.393939  0.111111  0.303030  0.191919
 0.110000  0.230000  0.250000  0.410000
 0.150000  0.130000  0.230000  0.490000
URL http://jaspar.genereg.net/matrix/PH0034.1

MOTIF PH0035.1 Gsc
letter-probability matrix: alength= 4 w= 17 nsites= 100 E= 0
 0.470000  0.160000  0.130000  0.240000
 0.336634  0.217822  0.237624  0.207921
 0.396040  0.128713  0.049505  0.425743
 0.260000  0.460000  0.100000  0.180000
 0.280000  0.110000  0.520000  0.090000
 0.070000  0.400000  0.010000  0.520000
 0.030000  0.000000  0.000000  0.970000
 0.990000  0.000000  0.010000  0.000000
 1.000000  0.000000  0.000000  0.000000
 0.000000  0.000000  0.010000  0.990000
 0.009901  0.960396  0.000000  0.029703
 0.000000  0.959596  0.000000  0.040404
 0.030000  0.440000  0.400000  0.130000
 0.080000  0.360000  0.080000  0.480000
 0.220000  0.120000  0.240000  0.420000
 0.260000  0.230000  0.120000  0.390000
 0.313131  0.313131  0.262626  0.111111
URL http://jaspar.genereg.net/matrix/PH0035.1

MOTIF PH0036.1 Gsx2
letter-probability matrix: alength= 4 w= 16 nsites= 100 E= 0
 0.470000  0.180000  0.230000  0.120000
 0.180000  0.320000  0.330000  0.170000
 0.250000  0.090000  0.550000  0.110000
 0.130000  0.260000  0.240000  0.370000
 0.010000  0.100000  0.000000  0.890000
 0.950000  0.030000  0.010000  0.010000
 0.979798  0.000000  0.000000  0.020202
 0.020202  0.000000  0.000000  0.979798
 0.010000  0.010000  0.030000  0.950000
 0.890000  0.000000  0.100000  0.010000
 0.202020  0.131313  0.555556  0.111111
 0.110000  0.550000  0.090000  0.250000
 0.168317  0.277228  0.227723  0.326733
 0.180000  0.300000  0.330000  0.190000
 0.750000  0.040000  0.120000  0.090000
 0.181818  0.121212  0.323232  0.373737
URL http://jaspar.genereg.net/matrix/PH0036.1

MOTIF PH0037.1 Hdx
letter-probability matrix: alength= 4 w= 17 nsites= 99 E= 0
 0.313131  0.202020  0.212121  0.272727
 0.340000  0.180000  0.260000  0.220000
 0.049505  0.089109  0.514851  0.346535
 0.200000  0.120000  0.350000  0.330000
 0.297030  0.306931  0.158416  0.237624
 0.212121  0.020202  0.727273  0.040404
 0.700000  0.230000  0.050000  0.020000
 0.830000  0.010000  0.060000  0.100000
 0.910891  0.009901  0.029703  0.049505
 0.020000  0.020000  0.030000  0.930000
 0.030000  0.900000  0.040000  0.030000
 0.868687  0.040404  0.010101  0.080808
 0.178218  0.217822  0.158416  0.445545
 0.230000  0.330000  0.200000  0.240000
 0.138614  0.297030  0.306931  0.257426
 0.336634  0.346535  0.059406  0.257426
 0.400000  0.230000  0.190000  0.180000
URL http://jaspar.genereg.net/matrix/PH0037.1

MOTIF PH0038.1 Hlx
letter-probability matrix: alength= 4 w= 15 nsites= 100 E= 0
 0.180000  0.490000  0.160000  0.170000
 0.270000  0.440000  0.130000  0.160000
 0.450000  0.220000  0.160000  0.170000
 0.070000  0.130000  0.050000  0.750000
 0.760000  0.080000  0.050000  0.110000
 0.717172  0.010101  0.070707  0.202020
 0.040000  0.060000  0.020000  0.880000
 0.160000  0.120000  0.030000  0.690000
 0.630000  0.030000  0.250000  0.090000
 0.880000  0.020000  0.060000  0.040000
 0.202020  0.070707  0.010101  0.717172
 0.110000  0.050000  0.080000  0.760000
 0.750000  0.050000  0.130000  0.070000
 0.160000  0.410000  0.150000  0.280000
 0.420000  0.270000  0.090000  0.220000
URL http://jaspar.genereg.net/matrix/PH0038.1

MOTIF PH0039.1 Mnx1
letter-probability matrix: alength= 4 w= 16 nsites= 100 E= 0
 0.120000  0.240000  0.370000  0.270000
 0.140000  0.210000  0.300000  0.350000
 0.560000  0.250000  0.170000  0.020000
 0.110000  0.390000  0.380000  0.120000
 0.010000  0.080000  0.000000  0.910000
 0.979798  0.020202  0.000000  0.000000
 0.980000  0.000000  0.010000  0.010000
 0.010000  0.010000  0.000000  0.980000
 0.000000  0.000000  0.020202  0.979798
 0.910000  0.000000  0.080000  0.010000
 0.080000  0.160000  0.680000  0.080000
 0.020000  0.170000  0.250000  0.560000
 0.170000  0.090000  0.590000  0.150000
 0.230000  0.270000  0.330000  0.170000
 0.250000  0.350000  0.110000  0.290000
 0.290000  0.300000  0.340000  0.070000
URL http://jaspar.genereg.net/matrix/PH0039.1

MOTIF PH0040.1 Hmbox1
letter-probability matrix: alength= 4 w= 17 nsites= 99 E= 0
 0.252525  0.232323  0.303030  0.212121
 0.366337  0.198020  0.099010  0.336634
 0.435644  0.099010  0.336634  0.128713
 0.455446  0.148515  0.217822  0.178218
 0.470000  0.090000  0.140000  0.300000
 0.010000  0.850000  0.020000  0.120000
 0.009901  0.009901  0.029703  0.950495
 0.707071  0.000000  0.292929  0.000000
 0.010000  0.000000  0.990000  0.000000
 0.000000  0.000000  0.010101  0.989899
 0.110000  0.010000  0.000000  0.880000
 0.940000  0.010000  0.020000  0.030000
 0.640000  0.060000  0.100000  0.200000
 0.130000  0.440000  0.140000  0.290000
 0.330000  0.130000  0.260000  0.280000
 0.252525  0.111111  0.202020  0.434343
 0.070000  0.430000  0.310000  0.190000
URL http://jaspar.genereg.net/matrix/PH0040.1

MOTIF PH0041.1 Hmx1
letter-probability matrix: alength= 4 w= 17 nsites= 100 E= 0
 0.340000  0.290000  0.240000  0.130000
 0.170000  0.430000  0.270000  0.130000
 0.360000  0.290000  0.260000  0.090000
 0.690000  0.060000  0.160000  0.090000
 0.130000  0.080000  0.720000  0.070000
 0.010000  0.950000  0.000000  0.040000
 0.870000  0.000000  0.120000  0.010000
 0.880000  0.110000  0.000000  0.010000
 0.000000  0.000000  0.000000  1.000000
 0.019802  0.059406  0.000000  0.920792
 0.959596  0.000000  0.010101  0.030303
 0.888889  0.010101  0.040404  0.060606
 0.250000  0.150000  0.170000  0.430000
 0.141414  0.222222  0.505051  0.131313
 0.383838  0.292929  0.282828  0.040404
 0.326733  0.128713  0.237624  0.306931
 0.180000  0.200000  0.220000  0.400000
URL http://jaspar.genereg.net/matrix/PH0041.1

MOTIF PH0042.1 Hmx2
letter-probability matrix: alength= 4 w= 17 nsites= 100 E= 0
 0.500000  0.200000  0.230000  0.070000
 0.190000  0.440000  0.230000  0.140000
 0.550000  0.190000  0.170000  0.090000
 0.762376  0.059406  0.118812  0.059406
 0.170000  0.150000  0.570000  0.110000
 0.010101  0.979798  0.000000  0.010101
 0.850000  0.000000  0.150000  0.000000
 0.850000  0.130000  0.010000  0.010000
 0.010000  0.000000  0.000000  0.990000
 0.019802  0.059406  0.000000  0.920792
 0.939394  0.000000  0.010101  0.050505
 0.890000  0.010000  0.020000  0.080000
 0.360000  0.190000  0.110000  0.340000
 0.247525  0.207921  0.405941  0.138614
 0.410000  0.270000  0.270000  0.050000
 0.470000  0.100000  0.250000  0.180000
 0.090909  0.070707  0.090909  0.747475
URL http://jaspar.genereg.net/matrix/PH0042.1

MOTIF PH0043.1 Hmx3
letter-probability matrix: alength= 4 w= 17 nsites= 100 E= 0
 0.490000  0.210000  0.210000  0.090000
 0.121212  0.494949  0.252525  0.131313
 0.480000  0.230000  0.190000  0.100000
 0.760000  0.070000  0.110000  0.060000
 0.151515  0.101010  0.595960  0.151515
 0.020000  0.940000  0.000000  0.040000
 0.831683  0.000000  0.158416  0.009901
 0.870000  0.120000  0.000000  0.010000
 0.010000  0.000000  0.000000  0.990000
 0.010101  0.040404  0.000000  0.949495
 0.929293  0.000000  0.020202  0.050505
 0.878788  0.020202  0.030303  0.070707
 0.386139  0.148515  0.118812  0.346535
 0.260000  0.180000  0.380000  0.180000
 0.470000  0.210000  0.260000  0.060000
 0.520000  0.110000  0.180000  0.190000
 0.130000  0.100000  0.130000  0.640000
URL http://jaspar.genereg.net/matrix/PH0043.1

MOTIF PH0044.1 Homez
letter-probability matrix: alength= 4 w= 17 nsites= 100 E= 0
 0.590000  0.060000  0.170000  0.180000
 0.343434  0.171717  0.141414  0.343434
 0.500000  0.110000  0.090000  0.300000
 0.460000  0.130000  0.030000  0.380000
 0.340000  0.420000  0.170000  0.070000
 0.878788  0.030303  0.000000  0.090909
 0.010000  0.010000  0.010000  0.970000
 0.040000  0.950000  0.000000  0.010000
 0.010000  0.010000  0.970000  0.010000
 0.210000  0.010000  0.020000  0.760000
 0.040000  0.020000  0.030000  0.910000
 0.160000  0.030000  0.020000  0.790000
 0.138614  0.138614  0.118812  0.603960
 0.130000  0.230000  0.180000  0.460000
 0.525253  0.191919  0.050505  0.232323
 0.373737  0.050505  0.292929  0.282828
 0.267327  0.168317  0.306931  0.257426
URL http://jaspar.genereg.net/matrix/PH0044.1

MOTIF PH0045.1 Hoxa1
letter-probability matrix: alength= 4 w= 16 nsites= 101 E= 0
 0.188119  0.415842  0.188119  0.207921
 0.140000  0.150000  0.060000  0.650000
 0.267327  0.128713  0.465347  0.138614
 0.620000  0.100000  0.150000  0.130000
 0.267327  0.079208  0.603960  0.049505
 0.080000  0.530000  0.220000  0.170000
 0.009901  0.029703  0.000000  0.960396
 0.960000  0.030000  0.010000  0.000000
 1.000000  0.000000  0.000000  0.000000
 0.010000  0.000000  0.000000  0.990000
 0.000000  0.000000  0.010000  0.990000
 0.960000  0.000000  0.040000  0.000000
 0.280000  0.480000  0.170000  0.070000
 0.140000  0.450000  0.140000  0.270000
 0.110000  0.170000  0.410000  0.310000
 0.060000  0.300000  0.180000  0.460000
URL http://jaspar.genereg.net/matrix/PH0045.1

MOTIF PH0046.1 Hoxa10
letter-probability matrix: alength= 4 w= 16 nsites= 99 E= 0
 0.252525  0.080808  0.292929  0.373737
 0.420000  0.290000  0.130000  0.160000
 0.120000  0.210000  0.450000  0.220000
 0.171717  0.080808  0.707071  0.040404
 0.069307  0.316832  0.009901  0.603960
 0.717172  0.272727  0.000000  0.010101
 0.881188  0.009901  0.079208  0.029703
 0.029703  0.009901  0.000000  0.960396
 0.700000  0.010000  0.010000  0.280000
 0.910000  0.000000  0.010000  0.080000
 0.880000  0.020000  0.010000  0.090000
 0.690000  0.060000  0.050000  0.200000
 0.240000  0.160000  0.070000  0.530000
 0.180000  0.080000  0.300000  0.440000
 0.280000  0.390000  0.090000  0.240000
 0.520000  0.080000  0.100000  0.300000
URL http://jaspar.genereg.net/matrix/PH0046.1

MOTIF PH0047.1 Hoxa11
letter-probability matrix: alength= 4 w= 16 nsites= 100 E= 0
 0.250000  0.210000  0.140000  0.400000
 0.490000  0.120000  0.200000  0.190000
 0.540000  0.150000  0.140000  0.170000
 0.430000  0.100000  0.270000  0.200000
 0.100000  0.050000  0.850000  0.000000
 0.000000  0.020000  0.000000  0.980000
 0.020000  0.970000  0.000000  0.010000
 0.260000  0.000000  0.740000  0.000000
 0.000000  0.000000  0.000000  1.000000
 0.838384  0.000000  0.000000  0.161616
 0.989899  0.000000  0.000000  0.010101
 0.980000  0.010000  0.000000  0.010000
 0.600000  0.090000  0.090000  0.220000
 0.212121  0.404040  0.111111  0.272727
 0.290000  0.220000  0.250000  0.240000
 0.150000  0.150000  0.310000  0.390000
URL http://jaspar.genereg.net/matrix/PH0047.1

MOTIF PH0048.1 Hoxa13
letter-probability matrix: alength= 4 w= 16 nsites= 99 E= 0
 0.353535  0.171717  0.161616  0.313131
 0.320000  0.190000  0.200000  0.290000
 0.370000  0.200000  0.180000  0.250000
 0.148515  0.297030  0.297030  0.257426
 0.020000  0.930000  0.050000  0.000000
 0.000000  0.030000  0.000000  0.970000
 0.010000  0.940000  0.000000  0.050000
 0.200000  0.000000  0.800000  0.000000
 0.000000  0.010000  0.000000  0.990000
 0.930000  0.000000  0.000000  0.070000
 0.970000  0.000000  0.000000  0.030000
 0.980000  0.010000  0.000000  0.010000
 0.620000  0.120000  0.050000  0.210000
 0.300000  0.130000  0.090000  0.480000
 0.180000  0.230000  0.230000  0.360000
 0.232323  0.131313  0.222222  0.414141
URL http://jaspar.genereg.net/matrix/PH0048.1

MOTIF PH0049.1 Hoxa2
letter-probability matrix: alength= 4 w= 16 nsites= 100 E= 0
 0.590000  0.080000  0.240000  0.090000
 0.330000  0.320000  0.220000  0.130000
 0.190000  0.080000  0.620000  0.110000
 0.090000  0.210000  0.520000  0.180000
 0.010000  0.060000  0.000000  0.930000
 0.900000  0.090000  0.010000  0.000000
 0.989899  0.010101  0.000000  0.000000
 0.000000  0.000000  0.010101  0.989899
 0.000000  0.010000  0.090000  0.900000
 0.930000  0.000000  0.060000  0.010000
 0.158416  0.297030  0.445545  0.099010
 0.110000  0.620000  0.080000  0.190000
 0.220000  0.280000  0.080000  0.420000
 0.260000  0.440000  0.090000  0.210000
 0.730000  0.040000  0.090000  0.140000
 0.277228  0.168317  0.267327  0.287129
URL http://jaspar.genereg.net/matrix/PH0049.1

MOTIF PH0050.1 Hoxa3
letter-probability matrix: alength= 4 w= 14 nsites= 100 E= 0
 0.180000  0.110000  0.210000  0.500000
 0.161616  0.292929  0.191919  0.353535
 0.190000  0.190000  0.500000  0.120000
 0.390000  0.300000  0.150000  0.160000
 0.300000  0.100000  0.530000  0.070000
 0.070707  0.303030  0.343434  0.282828
 0.000000  0.111111  0.000000  0.888889
 0.900000  0.100000  0.000000  0.000000
 0.990000  0.010000  0.000000  0.000000
 0.000000  0.000000  0.000000  1.000000
 0.000000  0.000000  0.050505  0.949495
 0.970000  0.000000  0.020000  0.010000
 0.350000  0.160000  0.460000  0.030000
 0.050505  0.353535  0.121212  0.474747
URL http://jaspar.genereg.net/matrix/PH0050.1

MOTIF PH0051.1 Hoxa4
letter-probability matrix: alength= 4 w= 17 nsites= 100 E= 0
 0.230000  0.170000  0.380000  0.220000
 0.390000  0.100000  0.310000  0.200000
 0.080000  0.200000  0.070000  0.650000
 0.210000  0.230000  0.100000  0.460000
 0.554455  0.128713  0.267327  0.049505
 0.168317  0.108911  0.049505  0.673267
 0.010000  0.080000  0.000000  0.910000
 0.940000  0.060000  0.000000  0.000000
 0.980000  0.000000  0.010000  0.010000
 0.010000  0.010000  0.000000  0.980000
 0.000000  0.000000  0.060000  0.940000
 0.910000  0.000000  0.080000  0.010000
 0.673267  0.049505  0.108911  0.168317
 0.090000  0.560000  0.120000  0.230000
 0.120000  0.090000  0.350000  0.440000
 0.100000  0.270000  0.260000  0.370000
 0.121212  0.161616  0.535354  0.181818
